Rk,G,Date,Age,Tm,,Opp,,GS,MP,TS%,eFG%,ORB%,DRB%,TRB%,AST%,STL%,BLK%,TOV%,USG%,ORtg,DRtg,GmSc,BPM
1,1,2008-10-28,23-303,CLE,@,BOS,L (-5),1,36:00,.449,.429,3.9,18.6,12.1,47.1,2.9,2.2,10.9,35.4,93,92,14.1,8.2
2,2,2008-10-30,23-305,CLE,,CHA,W (+17),1,30:16,.542,.467,9.6,23.6,17.8,59.7,0.0,2.6,19.8,40.2,111,94,17.0,6.3
3,3,2008-11-01,23-307,CLE,@,NOH,L (-12),1,37:43,.447,.400,7.5,16.7,12.4,58.3,4.2,0.0,23.0,27.6,100,108,15.3,6.0
4,4,2008-11-03,23-309,CLE,@,DAL,W (+19),1,34:08,.545,.400,6.4,19.6,12.9,17.8,3.3,2.5,3.6,37.7,131,93,24.0,14.4
5,5,2008-11-05,23-311,CLE,,CHI,W (+14),1,35:50,.682,.565,7.1,21.8,14.9,41.0,5.8,0.0,14.3,43.3,130,92,36.0,22.7
6,6,2008-11-07,23-313,CLE,,IND,W (+4),1,39:20,.499,.479,7.6,20.3,14.8,36.7,1.3,7.5,12.9,36.4,104,108,21.5,4.9
7,7,2008-11-08,23-314,CLE,@,CHI,W (+9),1,39:12,.590,.517,14.8,26.9,21.5,22.2,0.0,0.0,5.4,42.7,134,109,31.0,15.5
8,8,2008-11-11,23-317,CLE,,MIL,W (+6),1,42:46,.722,.688,0.0,12.5,6.9,39.5,3.9,0.0,6.6,35.9,140,104,35.7,19.2
9,9,2008-11-13,23-319,CLE,,DEN,W (+11),1,38:02,.506,.500,3.8,26.0,15.1,40.4,4.4,0.0,18.7,35.1,102,108,18.1,2.4
10,10,2008-11-15,23-321,CLE,,UTA,W (+12),1,42:03,.735,.690,8.4,6.3,7.4,37.8,2.6,3.9,7.2,31.0,153,108,35.9,21.6
11,11,2008-11-18,23-324,CLE,@,NJN,W (+24),1,35:58,.564,.475,0.0,21.8,12.0,25.4,0.0,2.1,9.8,39.3,115,92,20.3,5.3
12,12,2008-11-19,23-325,CLE,@,DET,L (-7),1,39:30,.492,.381,3.2,17.4,10.0,34.3,5.6,0.0,10.6,35.2,106,104,20.1,8.2
13,13,2008-11-22,23-328,CLE,,ATL,W (+14),1,36:35,.543,.447,3.6,18.7,11.8,34.4,3.1,0.0,8.3,31.9,124,107,20.8,9.0
14,14,2008-11-25,23-331,CLE,@,NYK,W (+18),1,30:20,.690,.607,0.0,12.9,7.0,4.3,1.7,3.2,5.0,29.1,141,107,20.8,9.2
15,15,2008-11-26,23-332,CLE,,OKC,W (+35),1,17:08,.583,.583,0.0,17.9,11.4,33.1,3.0,11.5,0.0,32.9,130,76,14.5,20.2
16,16,2008-11-28,23-334,CLE,,GSW,W (+15),1,30:39,.779,.808,3.3,20.0,11.7,43.3,4.8,2.3,11.9,22.8,150,92,25.7,23.3
17,17,2008-11-29,23-335,CLE,@,MIL,W (+12),1,41:22,.510,.463,2.3,17.0,8.9,23.1,2.5,2.0,8.7,35.5,110,91,21.2,10.4
18,18,2008-12-03,23-339,CLE,,NYK,W (+36),1,28:09,.729,.550,0.0,17.1,9.8,29.7,8.6,3.5,0.0,21.5,170,70,27.4,25.3
19,19,2008-12-05,23-341,CLE,,IND,W (+24),1,37:37,.400,.333,7.3,17.8,13.1,42.7,1.5,6.4,12.7,21.5,109,84,15.0,7.2
20,20,2008-12-06,23-342,CLE,@,CHA,W (+20),1,27:40,.609,.529,10.5,13.0,11.9,38.3,4.1,6.3,12.8,41.7,123,82,20.2,18.5
21,21,2008-12-09,23-345,CLE,,TOR,W (+20),1,30:24,.720,.667,0.0,19.7,10.1,24.6,5.1,0.0,8.5,34.3,140,95,27.3,18.6
22,22,2008-12-10,23-346,CLE,@,PHI,W (+8),1,39:04,.568,.500,5.7,5.6,5.6,22.2,0.0,3.6,3.8,30.5,129,106,21.5,11.6
23,23,2008-12-12,23-348,CLE,,PHI,W (+16),1,36:50,.533,.452,8.7,15.3,11.5,45.0,1.6,6.9,0.0,34.4,130,85,26.2,22.8
24,24,2008-12-13,23-349,CLE,@,ATL,L (-5),1,45:40,.680,.579,5.0,13.1,8.5,40.3,5.3,2.5,4.0,27.4,150,114,35.1,24.7
25,25,2008-12-17,23-353,CLE,@,MIN,W (+23),1,39:38,.735,.750,0.0,16.5,9.1,15.8,2.9,4.2,0.0,28.9,150,80,29.7,22.3
26,26,2008-12-19,23-355,CLE,@,DEN,W (+17),1,38:45,.702,.650,10.0,22.2,16.3,41.5,0.0,0.0,20.3,34.0,123,97,26.4,10.9
27,27,2008-12-21,23-357,CLE,@,OKC,W (+11),1,42:46,.623,.625,6.6,5.8,6.2,29.9,3.9,1.8,10.8,33.4,123,106,26.6,10.5
28,28,2008-12-23,23-359,CLE,,HOU,W (+9),1,38:20,.518,.478,3.6,26.4,15.4,25.8,4.2,2.6,21.2,41.6,93,94,17.0,2.9
29,29,2008-12-25,23-361,CLE,,WAS,W (+4),1,38:13,.517,.462,0.0,15.0,7.7,32.1,4.2,2.0,14.7,25.3,103,94,15.7,4.6
30,30,2008-12-28,23-364,CLE,,MIA,W (+7),1,42:31,.680,.684,0.0,15.1,7.6,58.2,0.0,1.7,7.6,27.9,137,98,28.9,18.3
31,31,2008-12-30,24-000,CLE,@,MIA,L (-9),1,43:29,.630,.563,0.0,6.3,2.9,39.1,0.0,3.8,14.2,40.9,118,127,25.9,8.9
32,32,2009-01-02,24-003,CLE,,CHI,W (+25),1,37:16,.694,.500,3.1,22.7,13.8,39.2,2.7,6.0,30.3,19.1,123,90,21.4,13.5
33,33,2009-01-04,24-005,CLE,@,WAS,L (-3),1,40:46,.588,.568,0.0,15.7,8.1,78.2,1.4,3.5,21.5,39.4,104,91,20.4,14.5
34,34,2009-01-07,24-008,CLE,,CHA,W (+30),1,30:59,.606,.563,0.0,15.1,8.4,20.0,3.5,5.3,18.8,33.2,107,87,16.4,4.9
35,35,2009-01-09,24-010,CLE,,BOS,W (+15),1,35:49,.656,.580,4.3,19.6,13.0,51.6,6.4,6.6,9.4,47.3,127,88,34.7,26.4
36,36,2009-01-13,24-014,CLE,@,MEM,W (+15),1,40:12,.709,.633,0.0,31.3,17.3,47.3,4.1,2.0,8.6,29.6,147,90,33.1,20.3
37,37,2009-01-15,24-016,CLE,@,CHI,L (-9),1,44:19,.400,.304,8.8,28.6,19.2,35.7,1.2,1.7,18.6,48.6,81,101,12.0,-3.6
38,38,2009-01-16,24-017,CLE,,NOH,W (+14),1,42:59,.544,.500,8.6,28.6,19.1,42.0,4.1,2.3,13.1,36.9,111,85,25.4,13.2
39,39,2009-01-19,24-020,CLE,@,LAL,L (-17),1,42:10,.403,.380,5.3,18.5,11.9,19.2,5.3,1.9,17.4,38.8,81,113,12.1,-1.6
40,40,2009-01-21,24-022,CLE,@,POR,W (+6),1,42:02,.535,.517,0.0,18.2,10.8,63.9,1.3,0.0,5.9,39.5,126,112,28.7,13.5
41,41,2009-01-23,24-024,CLE,@,GSW,W (+1),1,40:39,.515,.458,5.1,18.4,11.7,39.0,3.7,3.6,6.1,35.5,114,102,27.5,12.6
42,42,2009-01-24,24-025,CLE,@,UTA,W (+5),1,41:08,.557,.537,12.3,26.5,19.9,44.4,1.3,0.0,6.3,37.4,124,107,29.6,12.0
43,43,2009-01-27,24-028,CLE,,SAC,W (+7),1,37:31,.693,.500,17.3,34.6,25.9,46.0,0.0,7.8,10.8,21.7,162,119,31.1,16.8
44,44,2009-01-29,24-030,CLE,@,ORL,L (-11),1,37:41,.388,.370,2.8,21.2,11.7,47.9,1.5,2.6,6.3,41.6,88,112,14.6,4.3
45,45,2009-01-30,24-031,CLE,,LAC,W (+17),1,37:08,.636,.588,0.0,21.5,11.3,25.5,4.3,2.2,13.3,28.5,125,97,22.5,9.7
46,46,2009-02-01,24-033,CLE,@,DET,W (+10),1,38:50,.553,.540,13.4,0.0,6.4,49.0,1.5,1.8,14.4,45.2,113,101,22.2,14.1
47,47,2009-02-03,24-035,CLE,,TOR,W (+18),1,37:31,.642,.500,3.8,20.2,12.4,21.8,1.5,3.9,10.4,38.8,128,97,26.1,14.0
48,48,2009-02-04,24-036,CLE,@,NYK,W (+5),1,44:03,.629,.545,0.0,22.3,11.4,64.9,0.0,3.8,6.8,48.2,130,110,42.9,19.3
49,49,2009-02-08,24-040,CLE,,LAL,L (-10),1,40:08,.340,.300,8.0,15.3,11.4,51.2,0.0,0.0,4.1,28.1,103,122,13.0,3.9
50,50,2009-02-10,24-042,CLE,@,IND,L (-1),1,41:10,.865,.810,0.0,18.1,9.2,28.2,1.3,1.9,20.5,37.7,142,106,37.1,24.6
51,51,2009-02-11,24-043,CLE,,PHO,W (+17),1,33:17,.604,.528,6.7,16.5,11.1,30.9,3.0,2.3,12.2,31.3,127,97,22.7,11.4
52,52,2009-02-18,24-050,CLE,@,TOR,W (+17),1,33:12,.559,.529,5.2,22.2,16.3,48.2,1.6,2.1,21.9,34.4,103,81,17.4,6.6
53,53,2009-02-20,24-052,CLE,@,MIL,W (+8),1,40:04,.711,.690,3.4,13.0,8.3,57.3,0.0,0.0,13.4,50.4,137,115,39.3,20.8
54,54,2009-02-22,24-054,CLE,,DET,W (+21),1,30:34,.575,.462,0.0,15.4,8.5,55.3,3.8,2.2,0.0,29.5,140,91,23.0,18.6
55,55,2009-02-24,24-056,CLE,,MEM,W (+15),1,29:40,.555,.450,0.0,20.7,10.8,52.8,0.0,2.5,12.9,25.4,124,96,14.2,7.9
56,56,2009-02-26,24-058,CLE,@,HOU,L (-19),1,33:51,.444,.381,0.0,4.4,1.8,0.0,1.7,5.5,11.3,38.9,87,112,6.8,0.8
57,57,2009-02-27,24-059,CLE,@,SAS,W (+11),1,32:08,.617,.587,13.9,34.7,24.3,33.1,3.5,0.0,3.9,36.0,139,91,27.5,24.5
58,58,2009-03-01,24-061,CLE,@,ATL,W (+1),1,43:43,.497,.450,2.8,13.1,8.1,49.9,1.3,3.4,0.0,29.4,123,102,23.9,15.4
59,59,2009-03-02,24-062,CLE,@,MIA,W (+7),1,43:40,.827,.762,2.9,17.9,10.9,19.4,1.1,1.7,19.1,32.3,134,105,32.2,12.6
60,60,2009-03-04,24-064,CLE,,MIL,W (+18),1,33:12,.817,.818,3.4,25.3,14.1,27.7,1.6,0.0,17.6,25.0,134,85,20.1,14.8
61,61,2009-03-06,24-066,CLE,@,BOS,L (-11),1,38:17,.518,.400,0.0,21.5,10.6,26.4,1.5,0.0,16.5,32.5,100,123,13.2,0.5
62,62,2009-03-07,24-067,CLE,,MIA,W (+10),1,43:19,.387,.333,6.2,20.6,14.0,45.1,1.2,1.7,10.0,22.9,105,97,16.2,5.8
63,63,2009-03-10,24-070,CLE,@,LAC,W (+4),1,43:42,.533,.435,9.8,23.5,16.4,57.5,2.4,3.7,11.8,35.6,114,88,30.1,18.5
64,64,2009-03-12,24-072,CLE,@,PHO,W (+8),1,43:27,.572,.479,16.6,13.0,14.9,49.6,3.5,5.0,9.2,32.9,141,111,37.0,19.0
65,65,2009-03-13,24-073,CLE,@,SAC,W (+3),1,46:59,.680,.600,0.0,11.0,5.2,40.7,2.3,6.4,7.4,39.7,141,121,43.4,19.3
66,66,2009-03-15,24-075,CLE,,NYK,W (+5),1,39:52,.519,.529,2.9,16.5,10.4,41.3,5.3,5.9,14.1,24.2,111,94,22.4,14.2
67,67,2009-03-17,24-077,CLE,,ORL,W (+4),1,42:40,.685,.630,5.4,27.4,16.3,40.7,5.0,2.2,16.0,40.4,125,93,38.0,23.8
68,68,2009-03-19,24-079,CLE,,POR,W (+5),1,46:47,.484,.455,0.0,29.7,13.8,44.1,1.3,3.9,0.0,30.4,112,99,23.7,15.1
69,69,2009-03-21,24-081,CLE,,ATL,W (+6),1,40:03,.474,.452,3.5,15.0,10.2,22.0,3.9,2.1,7.9,29.6,100,99,17.0,5.4
70,70,2009-03-22,24-082,CLE,@,NJN,W (+8),1,39:09,.636,.559,6.1,25.7,16.2,39.3,1.4,0.0,4.1,32.2,137,101,29.8,18.5
71,71,2009-03-25,24-085,CLE,,NJN,W (+11),1,39:06,.644,.536,3.5,18.7,12.1,55.3,1.5,0.0,5.5,23.8,153,107,25.5,14.1
72,72,2009-03-27,24-087,CLE,,MIN,W (+22),1,33:36,.679,.643,10.6,31.1,23.5,36.3,0.0,0.0,21.4,35.1,124,102,21.5,6.7
73,73,2009-03-29,24-089,CLE,,DAL,W (+28),1,31:19,.496,.455,3.3,15.3,9.6,70.2,1.7,4.9,0.0,34.9,123,80,24.8,24.2
74,74,2009-03-31,24-091,CLE,,DET,W (+6),1,40:36,.454,.375,2.5,26.5,14.8,16.6,4.2,1.8,3.5,35.5,96,74,20.2,12.6
75,75,2009-04-02,24-093,CLE,@,WAS,L (-8),1,38:20,.735,.722,3.0,25.0,13.7,29.8,0.0,0.0,22.2,34.1,118,123,22.9,9.0
76,76,2009-04-03,24-094,CLE,@,ORL,L (-29),1,32:00,.533,.400,3.0,29.3,14.8,36.6,1.6,0.0,7.6,38.9,110,122,20.0,12.3
77,77,2009-04-05,24-096,CLE,,SAS,W (+20),1,36:43,.775,.714,0.0,19.5,11.7,37.9,1.6,0.0,7.5,37.9,154,96,33.8,22.6
78,78,2009-04-08,24-099,CLE,,WAS,W (+12),1,30:51,.567,.467,0.0,23.3,10.6,40.2,5.5,0.0,9.7,30.7,125,92,20.2,15.7
79,79,2009-04-10,24-101,CLE,@,PHI,W (+10),1,36:34,.606,.500,0.0,7.7,3.6,49.5,0.0,2.1,4.3,31.4,145,120,23.2,12.2
80,80,2009-04-12,24-103,CLE,,BOS,W (+31),1,30:22,.871,.821,0.0,13.7,8.5,46.5,1.8,2.5,23.1,35.0,138,83,25.2,23.6
81,81,2009-04-13,24-104,CLE,@,IND,W (+8),1,38:42,.634,.565,0.0,13.2,6.7,24.7,1.3,0.0,14.6,36.9,121,116,25.1,6.9
82,,2009-04-15,24-106,CLE,,PHI,L (-1),Did Not Dress,Did Not Dress,Did Not Dress,Did Not Dress,Did Not Dress,Did Not Dress,Did Not Dress,Did Not Dress,Did Not Dress,Did Not Dress,Did Not Dress,Did Not Dress,Did Not Dress,Did Not Dress,Did Not Dress,Did Not Dress