Rk,G,Date,Age,Tm,,Opp,,GS,MP,TS%,eFG%,ORB%,DRB%,TRB%,AST%,STL%,BLK%,TOV%,USG%,ORtg,DRtg,GmSc,BPM
1,1,2005-11-02,20-307,CLE,,NOK,W (+22),1,33:23,.794,.750,4.5,6.5,5.7,23.9,3.3,0.0,13.3,33.0,144,99,24.9,15.9
2,2,2005-11-04,20-309,CLE,@,SAS,L (-26),1,36:34,.524,.438,0.0,23.2,9.0,27.9,0.0,2.1,13.6,27.0,99,110,12.3,2.6
3,3,2005-11-05,20-310,CLE,@,MEM,L (-7),1,40:51,.577,.552,0.0,7.8,3.1,29.9,2.6,0.0,6.0,37.1,118,128,24.9,10.2
4,4,2005-11-07,20-312,CLE,@,TOR,W (+12),1,36:28,.606,.529,0.0,9.4,5.1,32.7,1.5,3.8,4.3,29.5,139,105,22.8,11.5
5,5,2005-11-09,20-314,CLE,,SEA,W (+27),1,35:38,.679,.556,4.1,12.2,8.7,5.5,0.0,2.4,14.9,33.0,142,103,21.3,5.6
6,6,2005-11-11,20-316,CLE,,MEM,W (+19),1,25:40,.587,.455,5.7,20.8,14.4,15.2,6.5,3.6,18.0,30.7,114,69,12.6,9.4
7,7,2005-11-13,20-318,CLE,@,ORL,W (+8),1,48:54,.523,.475,0.0,15.5,7.3,10.1,0.0,1.7,7.5,27.6,106,112,15.5,-2.5
8,8,2005-11-15,20-320,CLE,,WAS,W (+15),1,42:26,.734,.696,2.8,22.6,13.2,18.1,0.0,3.7,10.6,29.0,136,106,31.1,12.9
9,9,2005-11-18,20-323,CLE,,ORL,W (+18),1,33:56,.407,.353,2.6,17.7,9.0,19.2,3.3,0.0,16.9,29.1,90,95,7.9,-3.4
10,10,2005-11-19,20-324,CLE,@,PHI,W (+3),1,46:51,.634,.583,4.8,23.6,13.7,35.8,1.0,1.2,15.0,28.6,127,118,31.4,7.5
11,11,2005-11-22,20-327,CLE,,BOS,W (+22),1,40:59,.725,.675,0.0,13.3,6.7,20.6,2.4,3.3,3.9,27.7,146,93,31.5,12.7
12,12,2005-11-24,20-329,CLE,@,IND,L (-22),1,43:02,.382,.300,2.7,29.5,14.7,23.1,6.4,1.8,19.5,34.8,74,99,10.1,0.0
13,13,2005-11-26,20-331,CLE,,MIN,L (-4),1,44:04,.601,.552,4.0,9.9,6.3,15.7,5.1,0.0,5.9,33.4,135,101,27.8,22.2
14,14,2005-11-30,20-335,CLE,,LAC,W (+7),1,49:56,.509,.350,0.0,14.9,8.3,37.4,1.0,1.4,17.9,30.7,99,104,19.3,2.0
15,15,2005-12-02,20-337,CLE,@,SEA,L (-7),1,45:07,.557,.519,0.0,9.7,4.7,38.5,1.2,5.2,3.2,32.2,123,127,28.1,8.6
16,16,2005-12-03,20-338,CLE,@,LAC,L (-12),1,44:41,.481,.380,0.0,15.3,5.7,28.8,1.2,1.6,3.1,32.6,110,114,19.7,7.9
17,17,2005-12-06,20-341,CLE,@,SAC,W (+5),1,44:19,.530,.457,5.6,11.7,8.6,24.8,2.4,5.2,15.0,35.4,107,106,21.8,7.4
18,18,2005-12-09,20-344,CLE,,NJN,L (-9),1,44:49,.491,.423,5.0,13.0,8.5,14.5,0.0,1.8,17.7,40.3,89,122,13.4,-5.8
19,19,2005-12-10,20-345,CLE,@,MIL,L (-5),1,42:48,.778,.741,0.0,20.7,11.4,50.0,2.5,0.0,8.2,42.5,147,120,42.9,19.9
20,20,2005-12-13,20-348,CLE,,ATL,L (-6),1,45:08,.649,.630,0.0,24.2,12.5,30.1,2.3,0.0,16.6,35.9,116,105,26.9,9.6
21,21,2005-12-15,20-350,CLE,,DEN,W (+9),1,45:06,.630,.639,0.0,10.4,5.8,41.1,1.2,0.0,12.7,25.8,124,102,20.9,6.4
22,22,2005-12-17,20-352,CLE,,MIA,W (+8),1,46:23,.787,.684,0.0,11.5,6.6,37.5,1.1,0.0,13.3,30.0,145,113,36.4,12.0
23,23,2005-12-20,20-355,CLE,,UTA,W (+25),1,28:55,.783,.708,11.4,19.5,15.8,29.2,5.5,5.0,23.9,35.4,128,86,23.8,14.9
24,24,2005-12-22,20-357,CLE,@,CHI,W (+8),1,43:51,.602,.560,0.0,17.7,7.2,34.8,4.7,0.0,6.1,34.8,124,104,29.6,11.7
25,25,2005-12-23,20-358,CLE,,IND,W (+5),1,43:51,.336,.250,2.5,16.7,9.7,37.0,1.2,0.0,12.6,25.0,83,98,9.1,-2.5
26,26,2005-12-26,20-361,CLE,,CHI,W (+11),1,44:58,.528,.480,2.8,15.6,9.9,25.4,2.3,3.0,6.2,33.2,113,96,26.1,8.3
27,27,2005-12-27,20-362,CLE,@,NJN,L (-5),1,40:18,.621,.595,3.1,24.4,14.5,43.9,2.8,0.0,13.8,35.3,117,106,25.7,12.7
28,28,2005-12-31,21-001,CLE,,DET,W (+13),1,44:33,.598,.545,2.8,12.7,8.5,32.6,5.0,1.8,16.6,31.9,114,92,24.9,14.3
29,29,2006-01-04,21-005,CLE,@,MIL,W (+7),1,45:42,.499,.448,4.5,21.5,12.7,54.0,5.6,1.6,11.1,35.6,107,80,29.2,15.4
30,30,2006-01-05,21-006,CLE,,HOU,L (-9),1,44:15,.739,.763,2.8,21.2,12.2,28.7,1.3,0.0,12.2,27.3,135,106,25.7,14.5
31,31,2006-01-07,21-008,CLE,,MIL,W (+8),1,45:12,.674,.705,4.4,13.3,8.4,30.2,0.0,1.8,0.0,26.6,146,102,30.6,15.9
32,32,2006-01-10,21-011,CLE,,NYK,L (-8),1,46:00,.502,.452,0.0,18.7,7.9,42.0,0.0,1.5,2.7,36.0,113,103,25.4,12.7
33,33,2006-01-12,21-013,CLE,@,LAL,L (-1),1,40:06,.539,.545,0.0,7.5,4.0,41.7,0.0,0.0,16.1,39.8,103,125,16.1,-1.1
34,34,2006-01-14,21-015,CLE,@,PHO,L (-9),1,43:45,.762,.732,0.0,20.8,10.1,37.7,1.2,0.0,3.2,32.2,162,129,40.9,24.1
35,35,2006-01-15,21-016,CLE,@,POR,L (-2),1,41:19,.470,.404,6.1,34.5,20.1,39.9,1.4,5.1,6.1,40.8,105,99,23.1,10.2
36,36,2006-01-18,21-019,CLE,@,DEN,L (-1),1,41:35,.451,.400,5.0,21.2,13.4,43.4,0.0,0.0,7.0,31.3,104,103,16.4,5.0
37,37,2006-01-20,21-021,CLE,@,GSW,L (-20),1,35:12,.284,.227,2.5,23.7,12.3,31.3,0.0,0.0,19.6,36.8,63,107,-0.1,-10.4
38,38,2006-01-21,21-022,CLE,@,UTA,W (+18),1,42:47,.640,.600,0.0,14.0,7.7,53.8,2.5,0.0,7.0,48.3,131,98,37.8,13.7
39,39,2006-01-24,21-025,CLE,,IND,W (+30),1,35:22,.453,.381,0.0,17.9,9.5,42.6,2.9,4.2,3.8,34.4,103,69,20.0,14.0
40,40,2006-01-25,21-026,CLE,@,ATL,W (+9),1,45:54,.617,.523,2.6,20.9,11.6,32.2,3.6,1.7,14.0,36.5,119,107,30.2,8.4
41,41,2006-01-27,21-028,CLE,@,IND,W (+4),1,45:06,.566,.543,2.8,19.4,10.5,49.8,3.7,2.0,18.5,34.9,106,100,23.6,9.1
42,42,2006-01-29,21-030,CLE,,PHO,W (+7),1,42:45,.575,.561,2.7,28.8,15.2,37.6,1.2,2.0,13.6,44.1,114,110,29.6,11.2
43,43,2006-01-30,21-031,CLE,@,CHA,W (+12),1,31:34,.629,.632,4.1,14.9,10.4,42.9,7.9,2.4,14.4,38.2,115,81,26.4,19.8
44,44,2006-02-01,21-033,CLE,,NJN,W (+6),1,44:26,.495,.381,0.0,24.8,14.1,46.2,1.2,1.8,13.2,32.8,101,94,20.9,5.5
45,45,2006-02-02,21-034,CLE,@,MIA,L (-28),1,39:18,.478,.448,2.2,13.6,6.6,59.6,1.3,0.0,3.2,35.6,103,108,20.3,14.3
46,46,2006-02-04,21-036,CLE,,PHI,L (-5),1,47:11,.724,.647,5.1,6.0,5.5,25.6,2.3,1.6,15.7,24.0,136,113,27.6,12.2
47,47,2006-02-06,21-038,CLE,,MIL,W (+3),1,45:21,.506,.500,0.0,18.7,11.1,46.2,0.0,3.4,15.5,28.8,103,100,17.7,4.2
48,48,2006-02-08,21-040,CLE,@,MIN,W (+6),1,45:38,.422,.338,2.2,23.9,12.6,45.7,1.2,0.0,0.0,41.6,110,101,22.7,7.3
49,49,2006-02-10,21-042,CLE,@,WAS,L (-12),1,45:23,.339,.261,2.3,24.9,11.9,33.0,1.3,0.0,7.0,31.4,85,116,10.4,-3.3
50,50,2006-02-11,21-043,CLE,,GSW,L (-8),1,43:48,.804,.735,2.8,12.5,7.4,29.8,1.2,3.8,8.9,23.4,155,110,29.6,16.5
51,51,2006-02-13,21-045,CLE,,SAS,W (+14),1,40:43,.602,.591,5.0,4.1,4.7,26.1,5.6,0.0,5.2,44.2,131,98,34.5,24.4
52,52,2006-02-15,21-047,CLE,@,BOS,W (+4),1,53:55,.557,.500,2.4,26.3,14.3,49.7,2.0,5.9,4.9,36.5,121,95,37.9,17.8
53,53,2006-02-21,21-053,CLE,,ORL,W (+13),1,42:51,.480,.438,0.0,6.1,3.1,35.0,1.4,3.5,6.9,33.8,111,112,19.7,4.7
54,54,2006-02-22,21-054,CLE,@,PHI,L (-9),1,43:07,.581,.563,7.0,9.8,8.1,21.8,2.3,1.5,17.4,33.9,105,115,21.8,5.3
55,55,2006-02-24,21-056,CLE,,WAS,L (-8),1,47:46,.426,.405,0.0,16.7,8.4,33.5,1.1,0.0,12.0,33.1,89,115,13.3,-1.8
56,56,2006-02-26,21-058,CLE,@,DET,L (-12),1,37:46,.516,.500,3.1,23.6,13.6,45.5,0.0,0.0,12.3,30.3,102,102,15.0,8.6
57,57,2006-02-27,21-059,CLE,,DET,L (-12),1,46:34,.492,.409,2.7,7.2,5.1,34.9,0.0,1.5,15.9,34.8,94,106,14.9,4.2
58,58,2006-03-01,21-061,CLE,,SAC,L (-7),1,44:40,.395,.357,2.7,19.5,10.3,45.3,1.2,3.6,17.2,30.5,87,109,13.8,2.4
59,59,2006-03-02,21-062,CLE,@,CHI,W (+1),1,46:37,.504,.407,4.5,18.9,11.9,38.0,0.0,1.5,13.3,37.8,99,100,21.5,4.2
60,60,2006-03-05,21-065,CLE,,CHI,W (+19),1,46:27,.604,.554,0.0,24.5,12.1,33.6,2.4,0.0,8.9,34.5,120,82,28.8,12.1
61,61,2006-03-07,21-067,CLE,,TOR,W (+7),1,43:44,.433,.353,2.7,31.8,16.9,27.0,1.2,0.0,9.2,23.2,100,109,14.5,-0.8
62,62,2006-03-08,21-068,CLE,@,TOR,W (+1),1,44:17,.598,.563,2.6,12.6,7.7,29.7,1.2,0.0,0.0,32.2,129,112,28.4,12.6
63,63,2006-03-10,21-070,CLE,@,ORL,L (-29),1,38:58,.507,.455,5.1,19.2,10.8,15.5,2.9,1.8,16.9,34.9,94,119,14.8,7.8
64,64,2006-03-12,21-072,CLE,@,MIA,L (-6),1,45:17,.598,.426,5.0,12.3,8.7,23.1,0.0,1.7,11.3,45.1,118,110,31.5,14.0
65,65,2006-03-14,21-074,CLE,@,DAL,L (-4),1,44:58,.590,.519,2.4,24.5,13.9,28.0,0.0,2.8,11.6,36.9,115,103,27.2,12.6
66,66,2006-03-17,21-077,CLE,,POR,W (+15),1,44:10,.493,.413,5.2,18.6,11.8,19.3,7.5,0.0,3.5,30.8,114,85,24.9,10.5
67,67,2006-03-19,21-079,CLE,,LAL,W (+1),1,46:52,.511,.479,2.6,22.4,11.5,27.8,1.1,0.0,19.8,36.7,94,106,15.1,0.0
68,68,2006-03-22,21-082,CLE,,CHA,W (+2),1,50:11,.594,.500,0.0,21.9,12.6,39.1,0.0,1.4,13.8,33.6,119,115,29.3,0.8
69,69,2006-03-24,21-084,CLE,,BOS,W (+12),1,44:51,.610,.577,7.0,10.0,8.4,37.1,2.4,5.5,0.0,31.2,139,95,34.4,21.2
70,70,2006-03-26,21-086,CLE,@,HOU,W (+2),1,48:56,.463,.412,6.4,9.6,7.6,21.0,2.3,0.0,4.9,39.2,105,109,22.3,5.1
71,71,2006-03-29,21-089,CLE,,DAL,W (+13),1,43:26,.801,.783,0.0,17.8,7.8,22.9,4.1,0.0,6.5,33.3,161,112,39.2,26.2
72,72,2006-04-01,21-092,CLE,,MIA,W (+7),1,45:29,.754,.680,10.8,20.6,15.8,42.9,2.3,0.0,11.4,34.8,150,108,43.8,21.6
73,73,2006-04-02,21-093,CLE,@,CHA,W (+4),1,41:17,.626,.583,3.1,27.8,16.8,38.9,1.3,3.4,9.7,32.1,138,100,29.6,16.8
74,74,2006-04-04,21-095,CLE,,PHI,W (+33),1,34:40,.713,.682,4.2,9.4,7.2,33.4,6.0,0.0,10.4,36.1,145,93,31.9,18.3
75,75,2006-04-05,21-096,CLE,@,NYK,L (-2),1,44:48,.597,.583,0.0,6.1,2.8,37.2,3.7,0.0,14.2,37.5,114,109,23.9,11.1
76,76,2006-04-08,21-099,CLE,@,NJN,W (+6),1,44:09,.560,.462,2.9,11.4,7.2,30.5,1.2,0.0,15.4,42.0,108,115,22.2,0.4
77,77,2006-04-10,21-101,CLE,@,NOK,W (+2),1,42:07,.546,.500,3.3,7.0,5.4,29.3,0.0,0.0,6.4,40.1,116,129,21.8,-1.1
78,78,2006-04-12,21-103,CLE,@,DET,L (-23),1,31:21,.511,.444,0.0,9.4,4.8,10.4,0.0,0.0,8.5,34.5,101,114,11.4,4.8
79,,2006-04-13,21-104,CLE,,NYK,W (+4),Inactive,Inactive,Inactive,Inactive,Inactive,Inactive,Inactive,Inactive,Inactive,Inactive,Inactive,Inactive,Inactive,Inactive,Inactive,Inactive
80,79,2006-04-16,21-107,CLE,@,WAS,L (-12),1,29:32,.504,.500,0.0,17.3,9.7,25.0,1.7,2.2,15.1,29.8,100,108,10.8,4.5
81,,2006-04-17,21-108,CLE,@,BOS,W (+5),Inactive,Inactive,Inactive,Inactive,Inactive,Inactive,Inactive,Inactive,Inactive,Inactive,Inactive,Inactive,Inactive,Inactive,Inactive,Inactive
82,,2006-04-19,21-110,CLE,,ATL,W (+1),Inactive,Inactive,Inactive,Inactive,Inactive,Inactive,Inactive,Inactive,Inactive,Inactive,Inactive,Inactive,Inactive,Inactive,Inactive,Inactive